sp_ives	bio1	bio2	bio3	bio4	bio5	bio6	bio7	bio8	bio9	bio10	bio11	bio12	bio13	bio14	bio15	bio16	bio17	bio18	bio19	npp	humid	pevapo	soilmoist	gdd	evapo
Sapajus_apella	1.292276152	-1.043438045	1.232572773	-1.140350311	0.792213485	1.704730679	-1.486958636	0.952088154	1.399807428	1.267117322	1.410924949	2.30636933	2.013573469	1.739750979	-0.610640669	2.175761366	2.017665209	-0.275638492	2.028641869	-0.160329279	0.669198421	2.130389433	0.162008746	1.174948975	2.199789756
Sapajus_apella_2	0.9823609	-0.758796642	1.721007033	-1.295267845	0.481180576	1.497398638	-1.451608602	0.577771053	1.316371417	0.731959267	1.162327978	1.587307943	0.983605563	0.511222637	-0.466069071	1.174824651	0.793947777	-1.148016905	1.755628172	0.190920276	1.166602621	1.551268724	0.709043884	1.094988433	1.830788354
Sapajus_apella_3	1.318304031	-0.946376229	1.223069164	-1.109702029	0.898467393	1.700319146	-1.409710115	0.958734796	1.430147904	1.309824823	1.418059686	1.870974362	1.94204792	1.424743712	-0.366681671	1.811784379	1.449166559	-0.667950678	2.081989374	0.090563045	0.834999821	1.684397739	0.211682843	1.145333959	1.701658739
Sapajus_apella_4	1.087986869	-1.409872178	1.093244923	-1.092642515	0.345949675	1.644075127	-1.717393143	0.571540413	1.434658212	0.975351039	1.255747433	0.298714754	0.797639135	-0.307796257	0.463471317	0.689522001	-0.208151537	-1.566139103	1.824666119	0.291277207	1.000801221	1.120588415	-0.211725518	1.043162156	0.542854269
Sapajus_apella_5	1.087986869	-1.409872178	1.093244923	-1.092642515	0.345949675	1.644075127	-1.717393143	0.571540413	1.434658212	0.975351039	1.255747433	0.298714754	0.797639135	-0.307796257	0.463471317	0.689522001	-0.208151537	-1.566139103	1.824666119	0.291277207	1.000801221	1.120588415	-0.211725518	1.043162156	0.542854269
Sapajus_apella_6	1.388367771	-0.741347075	1.505851952	-1.311277475	0.861761596	1.638560845	-1.36126692	1.071320064	1.611164932	1.254645784	1.515714694	0.46363709	1.627335504	-0.843308612	1.441573088	1.513525458	-0.930819312	-1.896507259	2.326760275	-1.224113811	0.171794222	1.445416677	-0.713403694	1.250467264	-0.250333867
Sapajus_apella_7	1.388367771	-0.741347075	1.505851952	-1.311277475	0.861761596	1.638560845	-1.36126692	1.071320064	1.611164932	1.254645784	1.515714694	0.46363709	1.627335504	-0.843308612	1.441573088	1.513525458	-0.930819312	-1.896507259	2.326760275	-1.224113811	0.171794222	1.445416677	-0.713403694	1.250467264	-0.250333867
Sapajus_apella_8	1.103649142	-1.400966165	1.075392912	-1.111915801	0.332426584	1.625326772	-1.704299981	0.603114352	1.451468348	0.953431237	1.272692196	0.38007644	0.625977817	-0.118791897	0.219781331	0.598527754	-0.044346842	-1.473223059	1.768180526	0.155795172	1.498205421	0.913648988	0.198998199	0.806242033	0.844595282
Sapajus_apella_9	1.173636682	-0.922746641	2.299025484	-1.607563415	0.28412944	1.6418691	-1.756671376	0.960811279	1.242570692	0.776934222	1.399777279	2.922079386	0.969300453	4.228308391	-2.057146471	1.078775168	3.915872563	0.921946075	1.394747998	1.1844546	1.664006821	0.789674071	2.110394758	0.865472064	1.714579838
Sapajus_apella_10	1.141101615	-1.021262457	1.071197981	-1.12211462	0.633799884	1.549231647	-1.409710737	0.650474074	1.459873121	1.059630689	1.292088987	0.778089012	0.783334025	0.038711736	-0.026808654	0.841179079	0.186906846	-1.297714976	1.749351995	0.155795172	1.332404021	1.594402638	0.05092957	0.997258883	1.454401639
Sapajus_apella_11	1.141101615	-1.021262457	1.071197981	-1.12211462	0.633799884	1.549231647	-1.409710737	0.650474074	1.459873121	1.059630689	1.292088987	0.778089012	0.783334025	0.038711736	-0.026808654	0.841179079	0.186906846	-1.297714976	1.749351995	0.155795172	1.332404021	1.594402638	0.05092957	0.997258883	1.454401639
Sapajus_apella_12	1.077468863	-1.218475578	0.984839139	-1.113256343	0.429020873	1.533791547	-1.530164445	0.573202078	1.424817644	0.932266166	1.256638559	0.397668156	0.568757378	-0.08729117	0.130310275	0.547975394	0.032737721	-1.426765037	0.359178801	0.155795172	1.498205421	0.913648988	0.198998199	0.806242033	0.844595282
Sapajus_apella_13	1.337674059	-1.114688751	1.162997421	-1.165092709	0.711074949	1.682674066	-1.515762717	0.898910242	1.5974299	1.303399827	1.431436761	1.083745076	0.711808476	1.172737898	-0.642006622	0.674356293	1.083014887	-0.9260508	1.815251853	0.431777028	1.000801221	1.98290438	0.254485903	1.120161196	2.159038054
Sapajus_apella_14	1.337674059	-1.114688751	1.162997421	-1.165092709	0.711074949	1.682674066	-1.515762717	0.898910242	1.5974299	1.303399827	1.431436761	1.083745076	0.711808476	1.172737898	-0.642006622	0.674356293	1.083014887	-0.9260508	1.815251853	0.431777028	1.000801221	1.98290438	0.254485903	1.120161196	2.159038054
Sapajus_apella_15	0.474662686	-0.449071649	1.317881942	-1.311060815	0.09480618	0.955908118	-1.070605249	-0.189140239	0.972173309	0.140490066	0.827446931	0.687931468	1.355538418	-0.118791897	0.438354601	1.06360946	0.00383101	-1.473223059	1.92508495	0.226045085	1.332404021	0.751508052	0.150285094	0.835857049	0.706503685
Sapajus_apella_16	1.06400163	-0.831683358	1.03422945	-1.168217364	0.587434478	1.387115054	-1.248668359	0.548274781	1.262455929	0.939446982	1.235234982	0.685732504	0.583062488	0.479721911	-0.348460768	0.512588743	0.649414222	-1.049938859	1.601861837	0.271205762	1.498205421	1.475503892	0.017444016	0.964682366	1.443260198
Sapajus_apella_17	1.06400163	-0.831683358	1.03422945	-1.168217364	0.587434478	1.387115054	-1.248668359	0.548274781	1.262455929	0.939446982	1.235234982	0.685732504	0.583062488	0.479721911	-0.348460768	0.512588743	0.649414222	-1.049938859	1.601861837	0.271205762	1.498205421	1.475503892	0.017444016	0.964682366	1.443260198
Sapajus_apella_18	0.814995029	0.060592455	1.662313812	-1.389451461	0.316971755	0.884224002	-0.834933976	0.524594331	0.84650697	0.420162182	1.049958253	1.908356758	1.040826002	0.920732085	-0.768976898	1.270874133	1.092650457	0.829030031	-0.15232962	0.717794456	1.664006821	0.523231139	1.56620199	0.815126538	1.346326306
Sapajus_apella_19	0.497588937	-0.077002485	1.533330065	-1.311846502	-0.108041093	0.681302965	-0.882067981	0.179359862	0.584924336	0.024841266	0.76546561	1.589506907	0.540147158	0.731727724	-0.854157842	0.679411529	0.977023613	1.407174305	-0.189986682	1.053990653	1.664006821	0.599541527	1.448521911	0.745531252	1.388202234
Sapajus_apella_20	0.497588937	-0.077002485	1.533330065	-1.311846502	-0.108041093	0.681302965	-0.882067981	0.179359862	0.584924336	0.024841266	0.76546561	1.589506907	0.540147158	0.731727724	-0.854157842	0.679411529	0.977023613	1.407174305	-0.189986682	1.053990653	1.664006821	0.599541527	1.448521911	0.745531252	1.388202234
Sapajus_apella_21	0.638397869	0.081313524	0.457686575	-1.392349728	0.633799884	0.573225414	-0.250992255	0.307732097	0.744825616	0.20549474	0.916406933	1.336625991	1.241097539	-0.559802071	0.221969922	1.432641683	-0.352685092	0.209589738	-0.343753017	0.436794814	1.000801221	0.834636225	0.310173249	0.699627978	0.973806273
Sapajus_apella_22	0.638397869	0.081313524	0.457686575	-1.392349728	0.633799884	0.573225414	-0.250992255	0.307732097	0.744825616	0.20549474	0.916406933	1.336625991	1.241097539	-0.559802071	0.221969922	1.432641683	-0.352685092	0.209589738	-0.343753017	0.436794814	1.000801221	0.834636225	0.310173249	0.699627978	0.973806273
Sapajus_cay	0.334233012	1.679739563	0.151362426	-0.913415694	1.224954209	-0.381826698	1.283490946	0.048077931	0.360856443	-0.124444142	0.515753619	0.344893008	0.754723806	-1.063813699	1.116270216	0.906897146	-1.075352867	1.298772254	-0.776809226	0.185902189	0.337595621	0.227388143	0.120964968	0.538226144	0.24793027
Sapajus_cay_2	0.37274534	2.085252822	-0.105034325	-0.731861306	1.709856476	-0.568205143	1.833391199	0.133660615	0.340356534	-0.016353518	0.468932899	0.276725109	0.568757378	-1.063813699	0.994000698	0.790626719	-1.046446156	1.211018212	-0.767394961	-0.190436597	0.005992822	0.334305062	0.042214376	0.674455215	0.275697188
Sapajus_cay_3	0.721701977	1.474528398	0.38431204	-0.773631998	1.356321633	-0.02340637	0.947003837	0.652136923	0.583899108	0.491970295	0.741162852	0.122797595	0.668893147	-1.032312972	0.804349086	0.462036383	-1.007903875	-0.115616416	-0.739152165	-0.662114528	-0.159808578	-0.087456032	-0.253667407	0.539706895	-0.50155584
Sapajus_cay_4	0.230952753	2.201581184	0.133457648	-0.304398459	1.184384941	-0.792080038	1.743050142	0.127012783	0.087588649	-0.033739495	0.212309427	-0.059716457	0.096688754	-1.032312972	0.947586274	0.365986901	-0.988632734	-0.244666477	-0.770533049	0.130705941	-0.491411378	-0.120622513	-0.136105764	0.573764163	-0.206608842
Sapajus_cay_5	0.768840328	1.241326684	-0.027335771	-0.380349261	1.367913908	-0.09067922	1.03472714	0.801281114	0.486932758	0.694922019	0.639494273	-0.19825122	0.296960292	-1.032312972	1.077626129	0.269937418	-1.056081726	-0.244666477	-0.801913934	-0.265704291	-0.657212778	0.039941314	-0.350790487	0.859549061	-0.344114882
Sapajus_cay_6	0.768840328	1.241326684	-0.027335771	-0.380349261	1.367913908	-0.09067922	1.03472714	0.801281114	0.486932758	0.694922019	0.639494273	-0.19825122	0.296960292	-1.032312972	1.077626129	0.269937418	-1.056081726	-0.244666477	-0.801913934	-0.265704291	-0.657212778	0.039941314	-0.350790487	0.859549061	-0.344114882
Sapajus_cay_7	0.254862659	1.935480364	0.066945575	-0.374285078	1.159271419	-0.657534603	1.56629747	0.080067885	0.137609086	0.032777896	0.254225454	-0.220240865	0.139604084	-1.063813699	1.113125731	0.295213597	-1.075352867	-0.44082257	-0.795637757	-0.361043435	-0.491411378	-0.630217302	-0.114151551	0.372382058	-0.690757775
Sapajus_cay_8	-0.081913466	1.670651017	0.918389254	-0.920381555	0.372995852	-0.428145687	0.761085579	-0.414727973	0.216534788	-0.4445563	0.344745724	0.408662978	0.42570628	-0.874809338	0.554608913	0.593472518	-0.757379046	1.221342217	-0.663838041	0.190920276	-0.325609978	-0.642204128	0.328401926	0.542668396	-0.300406664
Sapajus_cay_9	0.372820673	1.229329618	0.203718022	0.155152678	0.427088217	-0.483287216	0.863209982	0.732732243	0.020962775	0.332480809	0.152110997	-0.391760095	-0.30385432	-0.559802071	0.347076321	-0.306359479	-0.516489788	1.154236185	-0.676390395	-0.150293706	0.005992822	0.273474723	-0.422492675	0.595975424	0.289800452
Sapajus_cay_10	0.51726116	0.829268863	-0.348969719	0.087713279	0.954490568	-0.214196348	0.901178401	0.874814967	0.158519554	0.467783039	0.301715315	-0.470922816	-0.718702505	-0.591302798	0.224778666	-0.533845096	-0.670658913	0.756761997	-0.726599811	-0.285775741	-0.657212778	0.784898164	-0.842227103	0.99281663	0.405632161
Sapajus_cay_11	0.910783582	1.105730733	-0.325994655	0.592721416	1.354390817	-0.182214181	1.134232535	1.464331453	0.255075344	1.246709154	0.406727684	-0.589666898	-0.34676965	-0.402298438	0.394304053	-0.377132782	-0.477947507	0.106349689	-0.663838041	-0.441329222	0.005992822	0.37772216	-0.906311851	0.906933086	-0.036704526
Sapajus_cay_12	0.562507539	0.632964755	-0.739945814	0.763474488	1.006653951	-0.27926343	1.013778831	1.13363711	-0.03274743	0.812082459	0.093696728	-0.607258614	-0.518430968	-0.433799164	0.242206034	-0.503513681	-0.535760929	0.152807711	-0.682666572	-0.732364436	-0.491411378	0.864947906	-1.096640303	0.901010083	0.673636171
Sapajus_cay_13	0.014859614	0.965591816	-0.605736777	0.755291502	0.442543964	-0.776640462	1.221954588	0.340136869	-0.384121562	0.160898233	-0.298261587	-0.28181187	-0.146498113	-0.339296984	0.146803422	-0.124370985	-0.314142811	0.462527858	-0.500657441	0.236080953	-0.823014178	-0.00458981	0.019994254	0.458265603	0.56808792
Sapajus_cay_14	0.797365445	-0.130804143	-0.747559255	1.171488336	0.929377047	0.284283436	0.29236142	1.791703656	0.057043484	1.350263787	0.165711331	-1.288937605	-1.205076239	-0.433799164	-0.042416631	-1.332572374	-0.487583077	0.039243657	-0.569695387	-1.269274493	-0.657212778	0.828987015	-2.424245256	0.566360409	-0.489104422
Sapajus_cay_15	0.797365445	-0.130804143	-0.747559255	1.171488336	0.929377047	0.284283436	0.29236142	1.791703656	0.057043484	1.350263787	0.165711331	-1.288937605	-1.205076239	-0.433799164	-0.042416631	-1.332572374	-0.487583077	0.039243657	-0.569695387	-1.269274493	-0.657212778	0.828987015	-2.424245256	0.566360409	-0.489104422
Sapajus_cay_16	0.310096244	0.642053295	-0.803764445	1.555414891	0.811532714	-0.440276747	1.072695556	1.401184759	-0.393551567	0.940581245	-0.298707466	-0.747992341	-0.876058713	-0.055790444	-0.520792237	-0.933208735	-0.034711271	0.514147882	-0.519485971	-0.556739811	-0.988815578	0.118036625	-0.83840936	0.462707855	0.335781007
Sapajus_cay_17	0.268784487	0.607881684	-0.78055193	1.522195973	0.745849924	-0.434762724	1.021634603	1.322249913	-0.413436807	0.868773132	-0.320334301	-0.6886203	-0.833143384	-0.08729117	-0.528670559	-0.87760114	-0.025075701	0.570929909	-0.516347883	-0.556739811	-0.988815578	0.279162667	-0.221068967	0.391631818	0.739371646
Sapajus_cay_18	-0.401286001	0.138568694	-0.937200357	1.484217959	-0.322479714	-0.764509143	0.689075067	0.446491503	-0.826311252	0.072083675	-0.798799315	-1.181188345	-1.262296678	-0.370797711	-0.278249588	-1.241578128	-0.333413952	0.199265733	-0.488105087	0.331420097	-1.320418378	-0.525740394	-0.120741453	-0.456838373	-0.149654906
Sapajus_cay_19	-0.671403075	0.50718487	-0.825281366	1.374387433	-0.305093146	-0.982870016	0.960097624	-0.019638916	-0.964892672	-0.280531906	-0.935695061	-0.455530065	-1.07633025	0.19621537	-1.090683764	-1.074755342	0.283262549	0.348963804	-0.189986682	-1.550274286	-0.657212778	-0.166654534	0.971152214	-0.505703148	0.556407359
Sapajus_cay_20	-0.671403075	0.50718487	-0.825281366	1.374387433	-0.305093146	-0.982870016	0.960097624	-0.019638916	-0.964892672	-0.280531906	-0.935695061	-0.455530065	-1.07633025	0.19621537	-1.090683764	-1.074755342	0.283262549	0.348963804	-0.189986682	-1.550274286	-0.657212778	-0.166654534	0.971152214	-0.505703148	0.556407359
Sapajus_cay_21	-0.376620168	0.403579529	-0.777509852	1.459405222	-0.138951669	-0.773331945	0.82393175	0.504653208	-0.788385951	0.124994177	-0.779402524	-1.007470151	-1.405347776	-0.055790444	-0.740314935	-1.236522892	0.032737721	0.204427735	-0.393962433	-1.078596204	-1.154616978	-1.078719805	0.488992498	-0.83591057	-0.550724213
Sapajus_libidinosus	0.671008269	0.896885088	-0.188050982	-0.317824066	1.053017517	-0.111633079	0.846189872	0.658783566	0.40226682	0.59514648	0.547413737	-0.196052255	0.225434743	-0.969311519	1.089959963	0.163777463	-1.046446156	-0.120778419	-0.786223492	-0.792578776	-0.988815578	0.334484971	-0.414398404	0.841780052	-0.167509427
Sapajus_libidinosus_2	0.671008269	0.896885088	-0.188050982	-0.317824066	1.053017517	-0.111633079	0.846189872	0.658783566	0.40226682	0.59514648	0.547413737	-0.196052255	0.225434743	-0.969311519	1.089959963	0.163777463	-1.046446156	-0.120778419	-0.786223492	-0.792578776	-0.988815578	0.334484971	-0.414398404	0.841780052	-0.167509427
Sapajus_libidinosus_3	-0.323807617	-2.100027098	-0.86106171	-0.038944046	-1.3289882	0.531317694	-1.531473636	-0.150504833	-0.062267955	-0.360276649	-0.231374296	-0.536891751	-1.720060192	1.645248799	-2.314642154	-1.716770306	1.516615552	-0.327258516	0.145788785	1.294847705	0.503397021	-0.179995259	0.779312199	-0.126630951	0.439891473
Sapajus_libidinosus_4	-0.658615564	0.18637234	-0.21517198	-0.447838341	-0.652830934	-0.568205143	0.232134257	-1.263066601	-0.39006649	-1.057569021	-0.398592519	0.177771707	0.382790951	-0.780307158	0.751667364	0.502478271	-0.815192468	0.132159701	-0.704633191	-0.586846829	-1.154616978	-0.419789651	-0.124023432	-0.199187739	-0.640766354
Sapajus_libidinosus_5	-0.658615564	0.18637234	-0.21517198	-0.447838341	-0.652830934	-0.568205143	0.232134257	-1.263066601	-0.39006649	-1.057569021	-0.398592519	0.177771707	0.382790951	-0.780307158	0.751667364	0.502478271	-0.815192468	0.132159701	-0.704633191	-0.586846829	-1.154616978	-0.419789651	-0.124023432	-0.199187739	-0.640766354
Sapajus_libidinosus_6	-0.556698217	0.213818942	-0.065858084	-0.389099024	-0.598738575	-0.478875947	0.162742127	-1.090657969	-0.342301209	-0.918866145	-0.352662925	0.063425554	0.39709606	-0.780307158	0.787598525	0.436760204	-0.834463609	0.034081655	-0.704633191	-0.095097453	-1.652021177	-0.763706134	0.072362682	-0.790007296	-0.758116788
Sapajus_libidinosus_7	-0.701440904	1.324573933	-0.021153619	0.542276161	-0.380436472	-1.146089095	1.10280945	-0.747914802	-0.813396168	-0.879560366	-0.755323025	-1.414278581	-0.861753603	-1.000812245	1.504367352	-0.796717365	-1.065717297	-0.094968406	-0.855261438	-0.596882401	-1.320418378	-0.561581347	-1.216094463	-0.952889881	-1.302483103
Sapajus_libidinosus_8	-0.718010632	0.823089362	0.081899201	0.025235882	-0.774539666	-0.945373564	0.597424819	-0.951067737	-0.602243943	-1.105188795	-0.626231157	-0.064114386	0.354180731	-0.559802071	0.55171956	0.219385058	-0.612845491	0.983890104	-0.629319068	-1.665684875	-0.988815578	-0.542389017	0.322148428	-0.25841777	-0.090939442
Sapajus_libidinosus_9	-0.249279337	1.175527959	-0.038021913	0.492273534	-0.034630428	-0.849427332	0.984973503	-0.152582506	-0.451567387	-0.376905729	-0.44585912	-0.354377698	0.153909194	-0.748806432	0.93511898	0.09300416	-0.844099179	0.761923999	-0.720323634	-1.173935349	-0.657212778	-0.610904616	-0.083031256	-0.464242127	-0.540568572
Sapajus_libidinosus_10	-0.827344352	0.204185406	-0.04977846	0.367697779	-1.195689037	-0.804211095	0.14441189	-0.904537658	-0.81729122	-1.101031253	-0.813068791	-0.418147668	0.42570628	-0.937810792	1.342356409	0.194108879	-1.027175015	1.133588175	-0.783085403	-0.310864973	-1.320418378	-1.407330316	0.265322724	-1.074311444	-1.090174796
Sapajus_libidinosus_11	-1.898049707	0.078950511	0.117653163	0.111144786	-2.410840929	-1.322541986	-0.063764804	-2.598723613	-1.468377979	-2.506576971	-1.506910391	-0.031129919	0.940690233	-0.780307158	1.126926864	0.618748697	-0.88264146	1.365878285	-0.732875988	0.010277565	-1.320418378	-1.480884605	0.207454534	-1.441537634	-1.148856205
Sapajus_libidinosus_12	-1.053726901	0.597521153	0.073094747	0.113758304	-1.099094744	-0.971841711	0.408888176	-1.376483886	-0.838611665	-1.539438124	-0.922763867	-0.193853291	0.797639135	-0.780307158	1.143954232	0.41653926	-0.88264146	-0.301448504	-0.751704519	-0.822685794	-0.988815578	-0.750823931	-0.040483107	-0.946966877	-0.659113112
Sapajus_libidinosus_13	-1.053726901	0.597521153	0.073094747	0.113758304	-1.099094744	-0.971841711	0.408888176	-1.376483886	-0.838611665	-1.539438124	-0.922763867	-0.193853291	0.797639135	-0.780307158	1.143954232	0.41653926	-0.88264146	-0.301448504	-0.751704519	-0.822685794	-0.988815578	-0.750823931	-0.040483107	-0.946966877	-0.659113112
Sapajus_libidinosus_14	-1.07445898	0.790553762	-0.079908087	0.308005848	-0.98318215	-1.131752273	0.677291725	-1.262235769	-0.930862427	-1.465361475	-0.996785256	-0.130083321	0.268350072	-0.528301345	0.74618866	0.274992654	-0.651387772	1.298772254	-0.66697613	-0.747418095	-0.823014178	-1.33361236	0.264417	-1.229790274	-0.987965611
Sapajus_libidinosus_15	-1.07445898	0.790553762	-0.079908087	0.308005848	-0.98318215	-1.131752273	0.677291725	-1.262235769	-0.930862427	-1.465361475	-0.996785256	-0.130083321	0.268350072	-0.528301345	0.74618866	0.274992654	-0.651387772	1.298772254	-0.66697613	-0.747418095	-0.823014178	-1.33361236	0.264417	-1.229790274	-0.987965611
Sapajus_libidinosus_16	1.4619124	-0.855857937	1.580502303	-1.352984105	0.871421211	1.737815859	-1.472556286	1.157733574	1.642120664	1.321540541	1.570339291	0.219552032	1.427063967	-0.906310065	1.588133467	1.301205549	-0.998268304	-1.958451289	2.204374824	-1.224113811	0.171794222	0.747424826	1.75026997	1.309697295	-0.307113691
Sapajus_libidinosus_17	-0.001559453	0.090765047	0.096763314	0.079929621	0.214582251	0.157458054	-0.041506682	-0.163798123	0.348966591	0.032399442	-0.065049112	-2.115748252	-1.247991568	-1.032312972	1.858793781	-1.656107474	-1.036810586	-1.354497003	-0.805052023	-2.614058668	-2.646829577	-0.064399416	-2.182649866	0.202095719	-2.345774292
Sapajus_nigritus	-0.85026974	-0.029744346	-0.742870111	0.724001032	-0.552373164	-0.639889261	0.385320863	-0.797768206	-0.889862022	-0.578723185	-0.838485934	-0.844746779	-0.961889372	0.227716097	-0.390021963	-0.847269724	0.167635705	-0.384040543	-0.453586114	0.426759242	0.503397021	-0.782347078	-0.477877174	-0.627124711	-0.497393721
Sapajus_nigritus_2	-0.85026974	-0.029744346	-0.742870111	0.724001032	-0.552373164	-0.639889261	0.385320863	-0.797768206	-0.889862022	-0.578723185	-0.838485934	-0.844746779	-0.961889372	0.227716097	-0.390021963	-0.847269724	0.167635705	-0.384040543	-0.453586114	0.426759242	0.503397021	-0.782347078	-0.477877174	-0.627124711	-0.497393721
Sapajus_nigritus_3	-2.314498379	-0.376911934	-0.806809821	0.716136839	-2.376066871	-1.438339328	0.097277574	-2.801461718	-1.699210749	-2.418139778	-1.911577276	-0.627049295	-0.890363823	0.479721911	-0.67931915	-0.771441185	0.456702815	-0.254990482	-0.359443459	0.426759242	0.503397021	-0.782347078	-0.477877174	-0.627124711	-0.497393721
Sapajus_nigritus_4	-2.314498379	-0.376911934	-0.806809821	0.716136839	-2.376066871	-1.438339328	0.097277574	-2.801461718	-1.699210749	-2.418139778	-1.911577276	-0.627049295	-0.890363823	0.479721911	-0.67931915	-0.771441185	0.456702815	-0.254990482	-0.359443459	0.426759242	0.503397021	-0.782347078	-0.477877174	-0.627124711	-0.497393721
Sapajus_nigritus_5	-1.007876129	0.861077984	-0.864696468	1.296309253	-0.117700707	-1.190202319	1.333243958	-0.363627734	-1.1711252	-0.489152806	-1.14438279	-0.741395448	-0.132193003	-0.528301345	0.701807315	-0.412519434	-0.622481061	0.457365855	-0.710909368	1.074062098	0.337595621	-1.36424596	0.557090964	-1.287539554	-0.740065461
Sapajus_nigritus_6	-1.064471769	0.6822224	-0.508794498	1.227573135	-0.801585844	-1.202333375	0.884158291	-0.503217967	-1.173789744	-0.791880076	-1.186521437	-1.036056689	-0.661482066	-0.433799164	0.351255406	-0.776496421	-0.362320663	0.674169958	-0.560281122	0.015295351	-1.320418378	-1.052191202	0.420986517	-1.379346102	-0.45584241
Sapajus_nigritus_7	-2.694250505	-1.514204516	-2.066110136	1.420788993	-2.980744287	-1.532080057	-0.201239244	-2.368982912	-2.287771966	-2.489192077	-2.358828051	2.310767259	1.069436222	2.401266241	-1.244512391	1.286039841	2.297096748	2.780266955	0.239931439	1.545740028	0.669198421	-1.960173129	2.208785904	-2.757925068	-1.201862077
Sapajus_nigritus_8	-2.694250505	-1.514204516	-2.066110136	1.420788993	-2.980744287	-1.532080057	-0.201239244	-2.368982912	-2.287771966	-2.489192077	-2.358828051	2.310767259	1.069436222	2.401266241	-1.244512391	1.286039841	2.297096748	2.780266955	0.239931439	1.545740028	0.669198421	-1.960173129	2.208785904	-2.757925068	-1.201862077
Sapajus_nigritus_9	-0.825452379	-1.187212487	-2.264501986	2.013275944	-0.600670313	-0.628860956	0.33949605	0.474740927	-1.18445026	0.097782564	-1.158874889	0.056828661	-0.275244101	1.078235718	-0.917875489	-0.276028063	0.948116902	1.1852082	-0.199400947	2.072614509	-0.159808578	-1.317346043	2.046299295	-1.626631481	-0.522157687
Sapajus_nigritus_10	-1.544423309	-1.658866647	-2.649410883	2.018310115	-1.353307651	-0.855719905	0.09874097	-0.362674474	-1.619392955	-0.66402573	-1.631910866	0.421856765	0.053773425	1.487745166	-1.159301409	-0.008100559	1.362446426	1.458794329	-0.064463143	1.229615392	0.503397021	-1.256084647	2.375062682	-2.113798484	-0.646586137
Sapajus_nigritus_11	-1.544423309	-1.658866647	-2.649410883	2.018310115	-1.353307651	-0.855719905	0.09874097	-0.362674474	-1.619392955	-0.66402573	-1.631910866	0.421856765	0.053773425	1.487745166	-1.159301409	-0.008100559	1.362446426	1.458794329	-0.064463143	1.229615392	0.503397021	-1.256084647	2.375062682	-2.113798484	-0.646586137
Sapajus_robustus	0.161797335	-1.16903592	-0.514928594	0.241757739	-0.208498858	0.574328166	-0.823150009	-0.080294303	-0.057348258	0.43716971	0.066941302	-0.600661721	-1.476873325	1.204238625	-2.008379007	-1.529726576	1.333539715	-0.590520641	-0.073877408	1.61097215	0.669198421	-0.000452326	-0.139432015	-0.064439419	0.25111853
Sapajus_robustus_2	0.161797335	-1.16903592	-0.514928594	0.241757739	-0.208498858	0.574328166	-0.823150009	-0.080294303	-0.057348258	0.43716971	0.066941302	-0.600661721	-1.476873325	1.204238625	-2.008379007	-1.529726576	1.333539715	-0.590520641	-0.073877408	1.61097215	0.669198421	-0.000452326	-0.139432015	-0.064439419	0.25111853
Sapajus_robustus_3	-0.053766743	-0.530137899	-0.510081622	0.419570491	-0.088722787	0.147532236	-0.235280711	0.147369914	-0.278340463	0.237618626	-0.173405909	-0.866736424	-1.476873325	0.637225544	-1.241576841	-1.347738082	0.562694089	-0.466632582	-0.324924486	1.61097215	0.503397021	0.048117991	-0.832281343	-0.132553954	-0.04458783
Sapajus_robustus_4	-0.053766743	-0.530137899	-0.510081622	0.419570491	-0.088722787	0.147532236	-0.235280711	0.147369914	-0.278340463	0.237618626	-0.173405909	-0.866736424	-1.476873325	0.637225544	-1.241576841	-1.347738082	0.562694089	-0.466632582	-0.324924486	1.61097215	0.503397021	0.048117991	-0.832281343	-0.132553954	-0.04458783
Sapajus_robustus_5	-0.173163007	-0.398905511	-0.664805017	0.508374473	-0.05781221	-0.018995102	-0.016629863	0.005703199	-0.371001198	0.149559881	-0.274182084	-0.912914678	-1.362432447	0.259216824	-0.848873814	-1.191025768	0.30253369	-0.44082257	-0.409652875	1.229615578	0.669198421	-0.047041153	-1.147326995	-0.252494767	-0.118677171
Sapajus_robustus_6	-0.12103105	0.65986532	-0.301171823	0.622486951	0.291857316	-0.434762724	0.713951575	0.144877423	-0.413026831	0.216833086	-0.319888419	-0.994276364	-0.632871846	-0.591302798	0.720070423	-0.55406604	-0.670658913	-0.027862375	-0.726599811	0.71277667	-0.159808578	-1.208682512	-0.391424265	-0.886256096	-1.033088181
Sapajus_robustus_7	-0.12103105	0.65986532	-0.301171823	0.622486951	0.291857316	-0.434762724	0.713951575	0.144877423	-0.413026831	0.216833086	-0.319888419	-0.994276364	-0.632871846	-0.591302798	0.720070423	-0.55406604	-0.670658913	-0.027862375	-0.726599811	0.71277667	-0.159808578	-1.208682512	-0.391424265	-0.886256096	-1.033088181
Sapajus_robustus_8	-0.641440575	-0.103903573	-0.733206316	0.697736365	-0.36884512	-0.470053145	0.308072964	-0.525651582	-0.591174039	-0.331930774	-0.673943638	-0.888726069	-1.019109811	0.164714643	-0.376631285	-0.892766848	0.138728994	-0.389202546	-0.463000379	0.426759242	0.503397021	-0.782347078	-0.477877174	-0.627124711	-0.497393721
Sapajus_xanthosternos	-0.243832004	0.133297683	0.269637416	0.251825872	-0.040425643	0.064820074	-0.104352227	-0.221961019	0.068113385	-0.305476064	-0.317881637	-1.851872513	-2.263654365	-0.370797711	-1.098059045	-2.272846259	-0.371956233	-0.967346819	-0.431619494	-2.583951651	-1.817822577	-1.201269612	-2.215133893	-0.553087173	-2.404687224
Sapajus_xanthosternos_2	-0.243832004	0.133297683	0.269637416	0.251825872	-0.040425643	0.064820074	-0.104352227	-0.221961019	0.068113385	-0.305476064	-0.317881637	-1.851872513	-2.263654365	-0.370797711	-1.098059045	-2.272846259	-0.371956233	-0.967346819	-0.431619494	-2.583951651	-1.817822577	-1.201269612	-2.215133893	-0.553087173	-2.404687224
Sapajus_xanthosternos_3	-0.008217303	-1.675246514	-0.727525447	0.193503455	-0.747493484	0.574328166	-1.188441196	-0.323329479	0.148678987	0.140111617	-0.029376063	-0.248827403	-1.619924423	2.086258973	-2.501441677	-1.635886531	1.959851787	-0.445984573	0.271312324	1.1844546	0.669198421	0.275843519	-0.538251049	-0.262860022	0.435590042
Sapajus_xanthosternos_4	-1.261951669	0.966500306	-0.080154016	0.600720739	-0.921361915	-1.226595754	0.831787522	-1.404318493	-1.178095357	-1.336863766	-1.151963408	-0.341183911	0.668893147	-0.717305705	1.213819214	0.451925912	-0.786285757	0.916784073	-0.764256872	1.028901421	-0.491411378	-1.16163517	-0.308135185	-2.059010705	-1.054843444
